#RefL0100N1504
0 1.00000 81.03362 72.32062 43.81110 0.81650 0.40825 0.40825 0.00000 0.70711 -0.70711 -0.57735 0.57735 0.57735
1 1.00000 81.03362 72.82062 44.31110 0.78633 0.43685 0.43685 0.00000 0.70711 -0.70711 -0.61780 0.55602 0.55602
2 1.00000 81.03362 73.32062 44.81110 0.74927 0.46829 0.46829 0.00000 0.70711 -0.70711 -0.66227 0.52981 0.52981
3 1.00000 81.03362 73.82062 45.31110 0.70353 0.50252 0.50252 0.00000 0.70711 -0.70711 -0.71067 0.49747 0.49747
4 1.00000 81.03362 74.32062 45.81110 0.64700 0.53916 0.53916 0.00000 0.70711 -0.70711 -0.76249 0.45750 0.45750
5 1.00000 81.03362 74.82062 46.31110 0.57735 0.57735 0.57735 0.00000 0.70711 -0.70711 -0.81650 0.40825 0.40825
6 1.00000 81.03362 75.32062 46.81110 0.49237 0.61546 0.61546 0.00000 0.70711 -0.70711 -0.87039 0.34816 0.34816
7 1.00000 81.03362 75.82062 47.31110 0.39057 0.65094 0.65094 0.00000 0.70711 -0.70711 -0.92057 0.27617 0.27617
8 1.00000 81.03362 76.32062 47.81110 0.27217 0.68041 0.68041 0.00000 0.70711 -0.70711 -0.96225 0.19245 0.19245
9 1.00000 81.03362 76.82062 48.31110 0.14003 0.70014 0.70014 0.00000 0.70711 -0.70711 -0.99015 0.09901 0.09901
10 1.00000 81.03362 77.32062 48.81110 0.00000 0.70711 0.70711 0.00000 0.70711 -0.70711 -1.00000 0.00000 0.00000
11 1.00000 81.03362 77.82062 49.31110 -0.14003 0.70014 0.70014 0.00000 0.70711 -0.70711 -0.99015 -0.09901 -0.09901
12 1.00000 81.03362 78.32062 49.81110 -0.27217 0.68041 0.68041 0.00000 0.70711 -0.70711 -0.96225 -0.19245 -0.19245
13 1.00000 81.03362 78.82062 50.31110 -0.39057 0.65094 0.65094 0.00000 0.70711 -0.70711 -0.92057 -0.27617 -0.27617
14 1.00000 81.03362 79.32062 50.81110 -0.49237 0.61546 0.61546 0.00000 0.70711 -0.70711 -0.87039 -0.34816 -0.34816
15 1.00000 81.03362 79.82062 51.31110 -0.57735 0.57735 0.57735 0.00000 0.70711 -0.70711 -0.81650 -0.40825 -0.40825
16 1.00000 81.03362 80.32062 51.81110 -0.64700 0.53916 0.53916 0.00000 0.70711 -0.70711 -0.76249 -0.45750 -0.45750
17 1.00000 81.03362 80.82062 52.31110 -0.70353 0.50252 0.50252 0.00000 0.70711 -0.70711 -0.71067 -0.49747 -0.49747
18 1.00000 81.03362 81.32062 52.81110 -0.74927 0.46829 0.46829 0.00000 0.70711 -0.70711 -0.66227 -0.52981 -0.52981
19 1.00000 81.03362 81.82062 53.31110 -0.78633 0.43685 0.43685 0.00000 0.70711 -0.70711 -0.61780 -0.55602 -0.55602
