#RefL0100N1504
0 1.00000 54.91649 52.40018 29.69078 0.70711 0.00000 0.70711 0.00000 1.00000 -0.00000 -0.70711 0.00000 0.70711
1 1.00000 54.91649 52.40018 30.02963 0.66896 0.00000 0.74329 0.00000 1.00000 -0.00000 -0.74329 0.00000 0.66896
2 1.00000 54.91649 52.40018 30.36848 0.62470 0.00000 0.78087 0.00000 1.00000 -0.00000 -0.78087 0.00000 0.62470
3 1.00000 54.91649 52.40018 30.70733 0.57346 0.00000 0.81923 0.00000 1.00000 -0.00000 -0.81923 0.00000 0.57346
4 1.00000 54.91649 52.40018 31.04618 0.51450 0.00000 0.85749 0.00000 1.00000 -0.00000 -0.85749 0.00000 0.51450
5 1.00000 54.91649 52.40018 31.38503 0.44721 0.00000 0.89443 0.00000 1.00000 -0.00000 -0.89443 0.00000 0.44721
6 1.00000 54.91649 52.40018 31.72388 0.37139 0.00000 0.92848 0.00000 1.00000 -0.00000 -0.92848 0.00000 0.37139
7 1.00000 54.91649 52.40018 32.06273 0.28735 0.00000 0.95783 0.00000 1.00000 -0.00000 -0.95783 0.00000 0.28735
8 1.00000 54.91649 52.40018 32.40158 0.19612 0.00000 0.98058 0.00000 1.00000 -0.00000 -0.98058 0.00000 0.19612
9 1.00000 54.91649 52.40018 32.74043 0.09950 0.00000 0.99504 0.00000 1.00000 -0.00000 -0.99504 0.00000 0.09950
10 1.00000 54.91649 52.40018 33.07928 0.00000 0.00000 1.00000 0.00000 1.00000 -0.00000 -1.00000 0.00000 0.00000
11 1.00000 54.91649 52.40018 33.41813 -0.09950 0.00000 0.99504 0.00000 1.00000 0.00000 -0.99504 0.00000 -0.09950
12 1.00000 54.91649 52.40018 33.75698 -0.19612 0.00000 0.98058 0.00000 1.00000 0.00000 -0.98058 0.00000 -0.19612
13 1.00000 54.91649 52.40018 34.09583 -0.28735 0.00000 0.95783 0.00000 1.00000 0.00000 -0.95783 0.00000 -0.28735
14 1.00000 54.91649 52.40018 34.43468 -0.37139 0.00000 0.92848 0.00000 1.00000 0.00000 -0.92848 0.00000 -0.37139
15 1.00000 54.91649 52.40018 34.77353 -0.44721 0.00000 0.89443 0.00000 1.00000 0.00000 -0.89443 0.00000 -0.44721
16 1.00000 54.91649 52.40018 35.11238 -0.51450 0.00000 0.85749 0.00000 1.00000 0.00000 -0.85749 0.00000 -0.51450
17 1.00000 54.91649 52.40018 35.45123 -0.57346 0.00000 0.81923 0.00000 1.00000 0.00000 -0.81923 0.00000 -0.57346
18 1.00000 54.91649 52.40018 35.79008 -0.62470 0.00000 0.78087 0.00000 1.00000 0.00000 -0.78087 0.00000 -0.62470
19 1.00000 54.91649 52.40018 36.12893 -0.66896 0.00000 0.74329 0.00000 1.00000 0.00000 -0.74329 0.00000 -0.66896
