#RefL0100N1504
0 1.00000 51.52799 59.31272 33.07928 1.00000 0.00000 0.00000 -0.00000 0.00000 1.00000 0.00000 -1.00000 0.00000
1 1.00000 52.38586 59.19098 33.07928 0.99211 -0.12533 0.00000 0.00000 0.00000 1.00000 -0.12533 -0.99211 0.00000
2 1.00000 53.21336 58.96427 33.07928 0.96858 -0.24869 0.00000 0.00000 0.00000 1.00000 -0.24869 -0.96858 0.00000
3 1.00000 53.99782 58.63827 33.07928 0.92978 -0.36812 0.00000 0.00000 0.00000 1.00000 -0.36812 -0.92978 0.00000
4 1.00000 54.72753 58.22014 33.07928 0.87631 -0.48175 0.00000 0.00000 0.00000 1.00000 -0.48175 -0.87631 0.00000
5 1.00000 55.39190 57.71841 33.07928 0.80902 -0.58779 0.00000 0.00000 0.00000 1.00000 -0.58779 -0.80902 0.00000
6 1.00000 55.98159 57.14279 33.07928 0.72897 -0.68455 0.00000 0.00000 0.00000 1.00000 -0.68455 -0.72897 0.00000
7 1.00000 56.48867 56.50401 33.07928 0.63742 -0.77051 0.00000 0.00000 0.00000 1.00000 -0.77051 -0.63742 0.00000
8 1.00000 56.90668 55.81360 33.07928 0.53583 -0.84433 0.00000 0.00000 0.00000 1.00000 -0.84433 -0.53583 0.00000
9 1.00000 57.23076 55.08370 33.07928 0.42578 -0.90483 0.00000 0.00000 0.00000 1.00000 -0.90483 -0.42578 0.00000
10 1.00000 57.45767 54.32685 33.07928 0.30902 -0.95106 0.00000 0.00000 0.00000 1.00000 -0.95106 -0.30902 0.00000
11 1.00000 57.58582 53.55578 33.07928 0.18738 -0.98229 0.00000 0.00000 0.00000 1.00000 -0.98229 -0.18738 0.00000
12 1.00000 57.61525 52.78316 33.07928 0.06279 -0.99803 0.00000 0.00000 0.00000 1.00000 -0.99803 -0.06279 0.00000
13 1.00000 57.54761 52.02146 33.07928 -0.06279 -0.99803 0.00000 0.00000 0.00000 1.00000 -0.99803 0.06279 0.00000
14 1.00000 57.38611 51.28269 33.07928 -0.18738 -0.98229 0.00000 0.00000 0.00000 1.00000 -0.98229 0.18738 0.00000
15 1.00000 57.13541 50.57822 33.07928 -0.30902 -0.95106 0.00000 0.00000 0.00000 1.00000 -0.95106 0.30902 0.00000
16 1.00000 56.80152 49.91865 33.07928 -0.42578 -0.90483 0.00000 0.00000 0.00000 1.00000 -0.90483 0.42578 0.00000
17 1.00000 56.39169 49.31358 33.07928 -0.53583 -0.84433 0.00000 0.00000 0.00000 1.00000 -0.84433 0.53583 0.00000
18 1.00000 55.91427 48.77153 33.07928 -0.63742 -0.77051 0.00000 0.00000 0.00000 1.00000 -0.77051 0.63742 0.00000
19 1.00000 55.37850 48.29980 33.07928 -0.72897 -0.68455 0.00000 0.00000 0.00000 1.00000 -0.68455 0.72897 0.00000
20 1.00000 54.79439 47.90436 33.07928 -0.80902 -0.58779 0.00000 0.00000 0.00000 1.00000 -0.58779 0.80902 0.00000
21 1.00000 54.17251 47.58981 33.07928 -0.87631 -0.48175 0.00000 0.00000 0.00000 1.00000 -0.48175 0.87631 0.00000
22 1.00000 53.52381 47.35931 33.07928 -0.92978 -0.36812 0.00000 0.00000 0.00000 1.00000 -0.36812 0.92978 0.00000
23 1.00000 52.85943 47.21455 33.07928 -0.96858 -0.24869 0.00000 0.00000 0.00000 1.00000 -0.24869 0.96858 0.00000
24 1.00000 52.19051 47.15580 33.07928 -0.99211 -0.12533 0.00000 0.00000 0.00000 1.00000 -0.12533 0.99211 0.00000
25 1.00000 51.52799 47.18189 33.07928 -1.00000 0.00000 0.00000 0.00000 -0.00000 1.00000 0.00000 1.00000 0.00000
26 1.00000 50.88245 47.29028 33.07928 -0.99211 0.12533 0.00000 0.00000 -0.00000 1.00000 0.12533 0.99211 0.00000
27 1.00000 50.26396 47.47712 33.07928 -0.96858 0.24869 0.00000 0.00000 -0.00000 1.00000 0.24869 0.96858 0.00000
28 1.00000 49.68185 47.73737 33.07928 -0.92978 0.36812 0.00000 0.00000 -0.00000 1.00000 0.36812 0.92978 0.00000
29 1.00000 49.14465 48.06491 33.07928 -0.87631 0.48175 0.00000 0.00000 -0.00000 1.00000 0.48175 0.87631 0.00000
30 1.00000 48.65992 48.45263 33.07928 -0.80902 0.58779 0.00000 0.00000 -0.00000 1.00000 0.58779 0.80902 0.00000
31 1.00000 48.23417 48.89263 33.07928 -0.72897 0.68455 0.00000 0.00000 -0.00000 1.00000 0.68455 0.72897 0.00000
32 1.00000 47.87275 49.37631 33.07928 -0.63742 0.77051 0.00000 0.00000 -0.00000 1.00000 0.77051 0.63742 0.00000
33 1.00000 47.57980 49.89459 33.07928 -0.53583 0.84433 0.00000 0.00000 -0.00000 1.00000 0.84433 0.53583 0.00000
34 1.00000 47.35822 50.43804 33.07928 -0.42578 0.90483 0.00000 0.00000 -0.00000 1.00000 0.90483 0.42578 0.00000
35 1.00000 47.20963 50.99706 33.07928 -0.30902 0.95106 0.00000 0.00000 -0.00000 1.00000 0.95106 0.30902 0.00000
36 1.00000 47.13439 51.56206 33.07928 -0.18738 0.98229 0.00000 0.00000 -0.00000 1.00000 0.98229 0.18738 0.00000
37 1.00000 47.13163 52.12359 33.07928 -0.06279 0.99803 0.00000 0.00000 -0.00000 1.00000 0.99803 0.06279 0.00000
38 1.00000 47.19926 52.67252 33.07928 0.06279 0.99803 0.00000 -0.00000 0.00000 1.00000 0.99803 -0.06279 0.00000
39 1.00000 47.33410 53.20021 33.07928 0.18738 0.98229 0.00000 -0.00000 0.00000 1.00000 0.98229 -0.18738 0.00000
40 1.00000 47.53189 53.69859 33.07928 0.30902 0.95106 0.00000 -0.00000 0.00000 1.00000 0.95106 -0.30902 0.00000
41 1.00000 47.78746 54.16034 33.07928 0.42578 0.90483 0.00000 -0.00000 0.00000 1.00000 0.90483 -0.42578 0.00000
42 1.00000 48.09478 54.57896 33.07928 0.53583 0.84433 0.00000 -0.00000 0.00000 1.00000 0.84433 -0.53583 0.00000
43 1.00000 48.44714 54.94888 33.07928 0.63742 0.77051 0.00000 -0.00000 0.00000 1.00000 0.77051 -0.63742 0.00000
44 1.00000 48.83726 55.26551 33.07928 0.72897 0.68455 0.00000 -0.00000 0.00000 1.00000 0.68455 -0.72897 0.00000
45 1.00000 49.25744 55.52533 33.07928 0.80902 0.58779 0.00000 -0.00000 0.00000 1.00000 0.58779 -0.80902 0.00000
46 1.00000 49.69967 55.72587 33.07928 0.87631 0.48175 0.00000 -0.00000 0.00000 1.00000 0.48175 -0.87631 0.00000
47 1.00000 50.15586 55.86578 33.07928 0.92978 0.36812 0.00000 -0.00000 0.00000 1.00000 0.36812 -0.92978 0.00000
48 1.00000 50.61789 55.94479 33.07928 0.96858 0.24869 0.00000 -0.00000 0.00000 1.00000 0.24869 -0.96858 0.00000
49 1.00000 51.07781 55.96367 33.07928 0.99211 0.12533 0.00000 -0.00000 0.00000 1.00000 0.12533 -0.99211 0.00000
