# RefL0100N1504
0 0.33288  78.14082  83.72607  6.10832  -1.00000  0.00000  0.00000  0.00000  0.00000  1.00000  0.00000  -1.00000  0.00000
1 0.33521  78.45478  83.71620  6.10832  -0.99803  0.06279  0.00000  0.00000  0.00000  1.00000  -0.06279  -0.99803  0.00000
2 0.33756  78.76749  83.68664  6.10832  -0.99211  0.12533  0.00000  0.00000  0.00000  1.00000  -0.12533  -0.99211  0.00000
3 0.33993  79.07773  83.63750  6.10832  -0.98229  0.18738  0.00000  0.00000  0.00000  1.00000  -0.18738  -0.98229  0.00000
4 0.34231  79.38427  83.56898  6.10832  -0.96858  0.24869  0.00000  0.00000  0.00000  1.00000  -0.24869  -0.96858  0.00000
5 0.34471  79.68591  83.48135  6.10832  -0.95106  0.30902  0.00000  0.00000  0.00000  1.00000  -0.30902  -0.95106  0.00000
6 0.34713  79.98145  83.37495  6.10832  -0.92978  0.36812  0.00000  0.00000  0.00000  1.00000  -0.36812  -0.92978  0.00000
7 0.34956  80.26972  83.25020  6.10832  -0.90483  0.42578  0.00000  0.00000  0.00000  1.00000  -0.42578  -0.90483  0.00000
8 0.35201  80.54959  83.10760  6.10832  -0.87631  0.48175  0.00000  0.00000  0.00000  1.00000  -0.48175  -0.87631  0.00000
9 0.35448  80.81996  82.94771  6.10832  -0.84433  0.53583  0.00000  0.00000  0.00000  1.00000  -0.53583  -0.84433  0.00000
10 0.35697  81.07975  82.77115  6.10832  -0.80902  0.58779  0.00000  0.00000  0.00000  1.00000  -0.58779  -0.80902  0.00000
11 0.35947  81.32794  82.57863  6.10832  -0.77051  0.63742  0.00000  0.00000  0.00000  1.00000  -0.63742  -0.77051  0.00000
12 0.36199  81.56356  82.37091  6.10832  -0.72897  0.68455  0.00000  0.00000  0.00000  1.00000  -0.68455  -0.72897  0.00000
13 0.36453  81.78567  82.14880  6.10832  -0.68455  0.72897  0.00000  0.00000  0.00000  1.00000  -0.72897  -0.68455  0.00000
14 0.36709  81.99339  81.91319  6.10832  -0.63742  0.77051  0.00000  0.00000  0.00000  1.00000  -0.77051  -0.63742  0.00000
15 0.36966  82.18591  81.66499  6.10832  -0.58779  0.80902  0.00000  0.00000  0.00000  1.00000  -0.80902  -0.58779  0.00000
16 0.37225  82.36246  81.40520  6.10832  -0.53583  0.84433  0.00000  0.00000  0.00000  1.00000  -0.84433  -0.53583  0.00000
17 0.37486  82.52236  81.13483  6.10832  -0.48175  0.87631  0.00000  0.00000  0.00000  1.00000  -0.87631  -0.48175  0.00000
18 0.37749  82.66496  80.85496  6.10832  -0.42578  0.90483  0.00000  0.00000  0.00000  1.00000  -0.90483  -0.42578  0.00000
19 0.38014  82.78971  80.56669  6.10832  -0.36812  0.92978  0.00000  0.00000  0.00000  1.00000  -0.92978  -0.36812  0.00000
20 0.38280  82.89611  80.27115  6.10832  -0.30902  0.95106  0.00000  0.00000  0.00000  1.00000  -0.95106  -0.30902  0.00000
21 0.38549  82.98374  79.96952  6.10832  -0.24869  0.96858  0.00000  0.00000  0.00000  1.00000  -0.96858  -0.24869  0.00000
22 0.38819  83.05226  79.66297  6.10832  -0.18738  0.98229  0.00000  0.00000  0.00000  1.00000  -0.98229  -0.18738  0.00000
23 0.39091  83.10140  79.35273  6.10832  -0.12533  0.99211  0.00000  0.00000  0.00000  1.00000  -0.99211  -0.12533  0.00000
24 0.39365  83.13096  79.04002  6.10832  -0.06279  0.99803  0.00000  0.00000  0.00000  1.00000  -0.99803  -0.06279  0.00000
25 0.39641  83.14082  78.72607  6.10832  0.00000  1.00000  -0.00000  0.00000  0.00000  1.00000  -1.00000  0.00000  0.00000
26 0.39919  83.13096  78.41211  6.10832  0.06279  0.99803  -0.00000  0.00000  0.00000  1.00000  -0.99803  0.06279  0.00000
27 0.40199  83.10140  78.09940  6.10832  0.12533  0.99211  -0.00000  0.00000  0.00000  1.00000  -0.99211  0.12533  0.00000
28 0.40481  83.05226  77.78916  6.10832  0.18738  0.98229  -0.00000  0.00000  0.00000  1.00000  -0.98229  0.18738  0.00000
29 0.40765  82.98374  77.48262  6.10832  0.24869  0.96858  -0.00000  0.00000  0.00000  1.00000  -0.96858  0.24869  0.00000
30 0.41051  82.89611  77.18098  6.10832  0.30902  0.95106  -0.00000  0.00000  0.00000  1.00000  -0.95106  0.30902  0.00000
31 0.41339  82.78971  76.88544  6.10832  0.36812  0.92978  -0.00000  0.00000  0.00000  1.00000  -0.92978  0.36812  0.00000
32 0.41629  82.66496  76.59717  6.10832  0.42578  0.90483  -0.00000  0.00000  0.00000  1.00000  -0.90483  0.42578  0.00000
33 0.41921  82.52236  76.31730  6.10832  0.48175  0.87631  -0.00000  0.00000  0.00000  1.00000  -0.87631  0.48175  0.00000
34 0.42215  82.36246  76.04693  6.10832  0.53583  0.84433  -0.00000  0.00000  0.00000  1.00000  -0.84433  0.53583  0.00000
35 0.42511  82.18591  75.78714  6.10832  0.58779  0.80902  -0.00000  0.00000  0.00000  1.00000  -0.80902  0.58779  0.00000
36 0.42809  81.99339  75.53895  6.10832  0.63742  0.77051  -0.00000  0.00000  0.00000  1.00000  -0.77051  0.63742  0.00000
37 0.43109  81.78567  75.30333  6.10832  0.68455  0.72897  -0.00000  0.00000  0.00000  1.00000  -0.72897  0.68455  0.00000
38 0.43411  81.56356  75.08122  6.10832  0.72897  0.68455  -0.00000  0.00000  0.00000  1.00000  -0.68455  0.72897  0.00000
39 0.43716  81.32794  74.87350  6.10832  0.77051  0.63742  -0.00000  0.00000  0.00000  1.00000  -0.63742  0.77051  0.00000
40 0.44022  81.07975  74.68098  6.10832  0.80902  0.58779  -0.00000  0.00000  0.00000  1.00000  -0.58779  0.80902  0.00000
41 0.44331  80.81996  74.50443  6.10832  0.84433  0.53583  -0.00000  0.00000  0.00000  1.00000  -0.53583  0.84433  0.00000
42 0.44642  80.54959  74.34453  6.10832  0.87631  0.48175  -0.00000  0.00000  0.00000  1.00000  -0.48175  0.87631  0.00000
43 0.44955  80.26972  74.20193  6.10832  0.90483  0.42578  -0.00000  0.00000  0.00000  1.00000  -0.42578  0.90483  0.00000
44 0.45270  79.98145  74.07718  6.10832  0.92978  0.36812  -0.00000  0.00000  0.00000  1.00000  -0.36812  0.92978  0.00000
45 0.45587  79.68591  73.97078  6.10832  0.95106  0.30902  -0.00000  0.00000  0.00000  1.00000  -0.30902  0.95106  0.00000
46 0.45907  79.38427  73.88315  6.10832  0.96858  0.24869  -0.00000  0.00000  0.00000  1.00000  -0.24869  0.96858  0.00000
47 0.46229  79.07773  73.81463  6.10832  0.98229  0.18738  -0.00000  0.00000  0.00000  1.00000  -0.18738  0.98229  0.00000
48 0.46553  78.76749  73.76549  6.10832  0.99211  0.12533  -0.00000  0.00000  0.00000  1.00000  -0.12533  0.99211  0.00000
49 0.46879  78.45478  73.73593  6.10832  0.99803  0.06279  -0.00000  0.00000  0.00000  1.00000  -0.06279  0.99803  0.00000
50 0.47208  78.14082  73.72607  6.10832  1.00000  0.00000  0.00000  0.00000  0.00000  1.00000  0.00000  1.00000  0.00000
51 0.47539  77.82687  73.73593  6.10832  0.99803  -0.06279  0.00000  0.00000  0.00000  1.00000  0.06279  0.99803  0.00000
52 0.47873  77.51416  73.76549  6.10832  0.99211  -0.12533  0.00000  0.00000  0.00000  1.00000  0.12533  0.99211  0.00000
53 0.48208  77.20392  73.81463  6.10832  0.98229  -0.18738  0.00000  0.00000  0.00000  1.00000  0.18738  0.98229  0.00000
54 0.48546  76.89737  73.88315  6.10832  0.96858  -0.24869  0.00000  0.00000  0.00000  1.00000  0.24869  0.96858  0.00000
55 0.48887  76.59574  73.97078  6.10832  0.95106  -0.30902  0.00000  0.00000  0.00000  1.00000  0.30902  0.95106  0.00000
56 0.49229  76.30020  74.07718  6.10832  0.92978  -0.36812  0.00000  0.00000  0.00000  1.00000  0.36812  0.92978  0.00000
57 0.49575  76.01193  74.20193  6.10832  0.90483  -0.42578  0.00000  0.00000  0.00000  1.00000  0.42578  0.90483  0.00000
58 0.49922  75.73205  74.34453  6.10832  0.87631  -0.48175  0.00000  0.00000  0.00000  1.00000  0.48175  0.87631  0.00000
59 0.50272  75.46169  74.50443  6.10832  0.84433  -0.53583  0.00000  0.00000  0.00000  1.00000  0.53583  0.84433  0.00000
60 0.50625  75.20190  74.68098  6.10832  0.80902  -0.58779  0.00000  0.00000  0.00000  1.00000  0.58779  0.80902  0.00000
61 0.50980  74.95370  74.87350  6.10832  0.77051  -0.63742  0.00000  0.00000  0.00000  1.00000  0.63742  0.77051  0.00000
62 0.51337  74.71809  75.08122  6.10832  0.72897  -0.68455  0.00000  0.00000  0.00000  1.00000  0.68455  0.72897  0.00000
63 0.51697  74.49598  75.30333  6.10832  0.68455  -0.72897  0.00000  0.00000  0.00000  1.00000  0.72897  0.68455  0.00000
64 0.52060  74.28826  75.53895  6.10832  0.63742  -0.77051  0.00000  0.00000  0.00000  1.00000  0.77051  0.63742  0.00000
65 0.52425  74.09574  75.78714  6.10832  0.58779  -0.80902  0.00000  0.00000  0.00000  1.00000  0.80902  0.58779  0.00000
66 0.52792  73.91918  76.04693  6.10832  0.53583  -0.84433  0.00000  0.00000  0.00000  1.00000  0.84433  0.53583  0.00000
67 0.53163  73.75929  76.31730  6.10832  0.48175  -0.87631  0.00000  0.00000  0.00000  1.00000  0.87631  0.48175  0.00000
68 0.53535  73.61669  76.59717  6.10832  0.42578  -0.90483  0.00000  0.00000  0.00000  1.00000  0.90483  0.42578  0.00000
69 0.53911  73.49194  76.88544  6.10832  0.36812  -0.92978  0.00000  0.00000  0.00000  1.00000  0.92978  0.36812  0.00000
70 0.54289  73.38554  77.18098  6.10832  0.30902  -0.95106  0.00000  0.00000  0.00000  1.00000  0.95106  0.30902  0.00000
71 0.54670  73.29791  77.48262  6.10832  0.24869  -0.96858  0.00000  0.00000  0.00000  1.00000  0.96858  0.24869  0.00000
72 0.55053  73.22939  77.78916  6.10832  0.18738  -0.98229  0.00000  0.00000  0.00000  1.00000  0.98229  0.18738  0.00000
73 0.55439  73.18025  78.09940  6.10832  0.12533  -0.99211  0.00000  0.00000  0.00000  1.00000  0.99211  0.12533  0.00000
74 0.55828  73.15069  78.41211  6.10832  0.06279  -0.99803  0.00000  0.00000  0.00000  1.00000  0.99803  0.06279  0.00000
75 0.56219  73.14082  78.72607  6.10832  0.00000  -1.00000  0.00000  0.00000  0.00000  1.00000  1.00000  0.00000  0.00000
76 0.56613  73.15069  79.04002  6.10832  -0.06279  -0.99803  0.00000  0.00000  0.00000  1.00000  0.99803  -0.06279  0.00000
77 0.57010  73.18025  79.35273  6.10832  -0.12533  -0.99211  0.00000  0.00000  0.00000  1.00000  0.99211  -0.12533  0.00000
78 0.57410  73.22939  79.66297  6.10832  -0.18738  -0.98229  0.00000  0.00000  0.00000  1.00000  0.98229  -0.18738  0.00000
79 0.57813  73.29791  79.96952  6.10832  -0.24869  -0.96858  0.00000  0.00000  0.00000  1.00000  0.96858  -0.24869  0.00000
80 0.58218  73.38554  80.27115  6.10832  -0.30902  -0.95106  0.00000  0.00000  0.00000  1.00000  0.95106  -0.30902  0.00000
81 0.58626  73.49194  80.56669  6.10832  -0.36812  -0.92978  0.00000  0.00000  0.00000  1.00000  0.92978  -0.36812  0.00000
82 0.59037  73.61669  80.85496  6.10832  -0.42578  -0.90483  0.00000  0.00000  0.00000  1.00000  0.90483  -0.42578  0.00000
83 0.59451  73.75929  81.13483  6.10832  -0.48175  -0.87631  0.00000  0.00000  0.00000  1.00000  0.87631  -0.48175  0.00000
84 0.59868  73.91918  81.40520  6.10832  -0.53583  -0.84433  0.00000  0.00000  0.00000  1.00000  0.84433  -0.53583  0.00000
85 0.60288  74.09574  81.66499  6.10832  -0.58779  -0.80902  0.00000  0.00000  0.00000  1.00000  0.80902  -0.58779  0.00000
86 0.60711  74.28826  81.91319  6.10832  -0.63742  -0.77051  0.00000  0.00000  0.00000  1.00000  0.77051  -0.63742  0.00000
87 0.61137  74.49598  82.14880  6.10832  -0.68455  -0.72897  0.00000  0.00000  0.00000  1.00000  0.72897  -0.68455  0.00000
88 0.61565  74.71809  82.37091  6.10832  -0.72897  -0.68455  0.00000  0.00000  0.00000  1.00000  0.68455  -0.72897  0.00000
89 0.61997  74.95370  82.57863  6.10832  -0.77051  -0.63742  0.00000  0.00000  0.00000  1.00000  0.63742  -0.77051  0.00000
90 0.62432  75.20190  82.77115  6.10832  -0.80902  -0.58779  0.00000  0.00000  0.00000  1.00000  0.58779  -0.80902  0.00000
91 0.62869  75.46169  82.94771  6.10832  -0.84433  -0.53583  0.00000  0.00000  0.00000  1.00000  0.53583  -0.84433  0.00000
92 0.63310  75.73205  83.10760  6.10832  -0.87631  -0.48175  0.00000  0.00000  0.00000  1.00000  0.48175  -0.87631  0.00000
93 0.63754  76.01193  83.25020  6.10832  -0.90483  -0.42578  0.00000  0.00000  0.00000  1.00000  0.42578  -0.90483  0.00000
94 0.64201  76.30020  83.37495  6.10832  -0.92978  -0.36812  0.00000  0.00000  0.00000  1.00000  0.36812  -0.92978  0.00000
95 0.64651  76.59574  83.48135  6.10832  -0.95106  -0.30902  0.00000  0.00000  0.00000  1.00000  0.30902  -0.95106  0.00000
96 0.65105  76.89737  83.56898  6.10832  -0.96858  -0.24869  0.00000  0.00000  0.00000  1.00000  0.24869  -0.96858  0.00000
97 0.65561  77.20392  83.63750  6.10832  -0.98229  -0.18738  0.00000  0.00000  0.00000  1.00000  0.18738  -0.98229  0.00000
98 0.66021  77.51416  83.68664  6.10832  -0.99211  -0.12533  0.00000  0.00000  0.00000  1.00000  0.12533  -0.99211  0.00000
99 0.66484  77.82687  83.71620  6.10832  -0.99803  -0.06279  0.00000  0.00000  0.00000  1.00000  0.06279  -0.99803  0.00000
