# RefL0100N1504
0 1.00000 51.52799 55.78868 33.07928 -1.00000 0.00000 0.00000 0.00000 0.00000 1.00000 0.00000 -1.00000 0.00000
1 1.00000 51.74075 55.78200 33.07928 -0.99803 0.06279 0.00000 0.00000 0.00000 1.00000 -0.06279 -0.99803 0.00000
2 1.00000 51.95268 55.76196 33.07928 -0.99211 0.12533 0.00000 0.00000 0.00000 1.00000 -0.12533 -0.99211 0.00000
3 1.00000 52.16293 55.72866 33.07928 -0.98229 0.18738 0.00000 0.00000 0.00000 1.00000 -0.18738 -0.98229 0.00000
4 1.00000 52.37067 55.68223 33.07928 -0.96858 0.24869 0.00000 0.00000 0.00000 1.00000 -0.24869 -0.96858 0.00000
5 1.00000 52.57509 55.62284 33.07928 -0.95106 0.30902 0.00000 0.00000 0.00000 1.00000 -0.30902 -0.95106 0.00000
6 1.00000 52.77538 55.55073 33.07928 -0.92978 0.36812 0.00000 0.00000 0.00000 1.00000 -0.36812 -0.92978 0.00000
7 1.00000 52.97074 55.46619 33.07928 -0.90483 0.42578 0.00000 0.00000 0.00000 1.00000 -0.42578 -0.90483 0.00000
8 1.00000 53.16041 55.36955 33.07928 -0.87631 0.48175 0.00000 0.00000 0.00000 1.00000 -0.48175 -0.87631 0.00000
9 1.00000 53.34364 55.26119 33.07928 -0.84433 0.53583 0.00000 0.00000 0.00000 1.00000 -0.53583 -0.84433 0.00000
10 1.00000 53.51970 55.14154 33.07928 -0.80902 0.58779 0.00000 0.00000 0.00000 1.00000 -0.58779 -0.80902 0.00000
11 1.00000 53.68790 55.01107 33.07928 -0.77051 0.63742 0.00000 0.00000 0.00000 1.00000 -0.63742 -0.77051 0.00000
12 1.00000 53.84757 54.87029 33.07928 -0.72897 0.68455 0.00000 0.00000 0.00000 1.00000 -0.68455 -0.72897 0.00000
13 1.00000 53.99810 54.71977 33.07928 -0.68455 0.72897 0.00000 0.00000 0.00000 1.00000 -0.72897 -0.68455 0.00000
14 1.00000 54.13887 54.56009 33.07928 -0.63742 0.77051 0.00000 0.00000 0.00000 1.00000 -0.77051 -0.63742 0.00000
15 1.00000 54.26934 54.39189 33.07928 -0.58779 0.80902 0.00000 0.00000 0.00000 1.00000 -0.80902 -0.58779 0.00000
16 1.00000 54.38899 54.21583 33.07928 -0.53583 0.84433 0.00000 0.00000 0.00000 1.00000 -0.84433 -0.53583 0.00000
17 1.00000 54.49735 54.03260 33.07928 -0.48175 0.87631 0.00000 0.00000 0.00000 1.00000 -0.87631 -0.48175 0.00000
18 1.00000 54.59399 53.84294 33.07928 -0.42578 0.90483 0.00000 0.00000 0.00000 1.00000 -0.90483 -0.42578 0.00000
19 1.00000 54.67853 53.64757 33.07928 -0.36812 0.92978 0.00000 0.00000 0.00000 1.00000 -0.92978 -0.36812 0.00000
20 1.00000 54.75064 53.44729 33.07928 -0.30902 0.95106 0.00000 0.00000 0.00000 1.00000 -0.95106 -0.30902 0.00000
21 1.00000 54.81003 53.24287 33.07928 -0.24869 0.96858 0.00000 0.00000 0.00000 1.00000 -0.96858 -0.24869 0.00000
22 1.00000 54.85647 53.03512 33.07928 -0.18738 0.98229 0.00000 0.00000 0.00000 1.00000 -0.98229 -0.18738 0.00000
23 1.00000 54.88977 52.82487 33.07928 -0.12533 0.99211 0.00000 0.00000 0.00000 1.00000 -0.99211 -0.12533 0.00000
24 1.00000 54.90980 52.61295 33.07928 -0.06279 0.99803 0.00000 0.00000 0.00000 1.00000 -0.99803 -0.06279 0.00000
25 1.00000 54.91649 52.40018 33.07928 0.00000 1.00000 -0.00000 0.00000 0.00000 1.00000 -1.00000 0.00000 0.00000
26 1.00000 54.90980 52.18742 33.07928 0.06279 0.99803 -0.00000 0.00000 0.00000 1.00000 -0.99803 0.06279 0.00000
27 1.00000 54.88977 51.97549 33.07928 0.12533 0.99211 -0.00000 0.00000 0.00000 1.00000 -0.99211 0.12533 0.00000
28 1.00000 54.85647 51.76524 33.07928 0.18738 0.98229 -0.00000 0.00000 0.00000 1.00000 -0.98229 0.18738 0.00000
29 1.00000 54.81003 51.55750 33.07928 0.24869 0.96858 -0.00000 0.00000 0.00000 1.00000 -0.96858 0.24869 0.00000
30 1.00000 54.75064 51.35308 33.07928 0.30902 0.95106 -0.00000 0.00000 0.00000 1.00000 -0.95106 0.30902 0.00000
31 1.00000 54.67853 51.15279 33.07928 0.36812 0.92978 -0.00000 0.00000 0.00000 1.00000 -0.92978 0.36812 0.00000
32 1.00000 54.59399 50.95743 33.07928 0.42578 0.90483 -0.00000 0.00000 0.00000 1.00000 -0.90483 0.42578 0.00000
33 1.00000 54.49735 50.76776 33.07928 0.48175 0.87631 -0.00000 0.00000 0.00000 1.00000 -0.87631 0.48175 0.00000
34 1.00000 54.38899 50.58453 33.07928 0.53583 0.84433 -0.00000 0.00000 0.00000 1.00000 -0.84433 0.53583 0.00000
35 1.00000 54.26934 50.40847 33.07928 0.58779 0.80902 -0.00000 0.00000 0.00000 1.00000 -0.80902 0.58779 0.00000
36 1.00000 54.13887 50.24027 33.07928 0.63742 0.77051 -0.00000 0.00000 0.00000 1.00000 -0.77051 0.63742 0.00000
37 1.00000 53.99810 50.08059 33.07928 0.68455 0.72897 -0.00000 0.00000 0.00000 1.00000 -0.72897 0.68455 0.00000
38 1.00000 53.84757 49.93007 33.07928 0.72897 0.68455 -0.00000 0.00000 0.00000 1.00000 -0.68455 0.72897 0.00000
39 1.00000 53.68790 49.78930 33.07928 0.77051 0.63742 -0.00000 0.00000 0.00000 1.00000 -0.63742 0.77051 0.00000
40 1.00000 53.51970 49.65883 33.07928 0.80902 0.58779 -0.00000 0.00000 0.00000 1.00000 -0.58779 0.80902 0.00000
41 1.00000 53.34364 49.53918 33.07928 0.84433 0.53583 -0.00000 0.00000 0.00000 1.00000 -0.53583 0.84433 0.00000
42 1.00000 53.16041 49.43082 33.07928 0.87631 0.48175 -0.00000 0.00000 0.00000 1.00000 -0.48175 0.87631 0.00000
43 1.00000 52.97074 49.33418 33.07928 0.90483 0.42578 -0.00000 0.00000 0.00000 1.00000 -0.42578 0.90483 0.00000
44 1.00000 52.77538 49.24963 33.07928 0.92978 0.36812 -0.00000 0.00000 0.00000 1.00000 -0.36812 0.92978 0.00000
45 1.00000 52.57509 49.17753 33.07928 0.95106 0.30902 -0.00000 0.00000 0.00000 1.00000 -0.30902 0.95106 0.00000
46 1.00000 52.37067 49.11814 33.07928 0.96858 0.24869 -0.00000 0.00000 0.00000 1.00000 -0.24869 0.96858 0.00000
47 1.00000 52.16293 49.07170 33.07928 0.98229 0.18738 -0.00000 0.00000 0.00000 1.00000 -0.18738 0.98229 0.00000
48 1.00000 51.95268 49.03840 33.07928 0.99211 0.12533 -0.00000 0.00000 0.00000 1.00000 -0.12533 0.99211 0.00000
49 1.00000 51.74075 49.01837 33.07928 0.99803 0.06279 -0.00000 0.00000 0.00000 1.00000 -0.06279 0.99803 0.00000
50 1.00000 51.52799 49.01168 33.07928 1.00000 0.00000 0.00000 0.00000 0.00000 1.00000 0.00000 1.00000 0.00000
51 1.00000 51.31522 49.01837 33.07928 0.99803 -0.06279 0.00000 0.00000 0.00000 1.00000 0.06279 0.99803 0.00000
52 1.00000 51.10329 49.03840 33.07928 0.99211 -0.12533 0.00000 0.00000 0.00000 1.00000 0.12533 0.99211 0.00000
53 1.00000 50.89304 49.07170 33.07928 0.98229 -0.18738 0.00000 0.00000 0.00000 1.00000 0.18738 0.98229 0.00000
54 1.00000 50.68530 49.11814 33.07928 0.96858 -0.24869 0.00000 0.00000 0.00000 1.00000 0.24869 0.96858 0.00000
55 1.00000 50.48088 49.17753 33.07928 0.95106 -0.30902 0.00000 0.00000 0.00000 1.00000 0.30902 0.95106 0.00000
56 1.00000 50.28060 49.24963 33.07928 0.92978 -0.36812 0.00000 0.00000 0.00000 1.00000 0.36812 0.92978 0.00000
57 1.00000 50.08523 49.33418 33.07928 0.90483 -0.42578 0.00000 0.00000 0.00000 1.00000 0.42578 0.90483 0.00000
58 1.00000 49.89556 49.43082 33.07928 0.87631 -0.48175 0.00000 0.00000 0.00000 1.00000 0.48175 0.87631 0.00000
59 1.00000 49.71234 49.53918 33.07928 0.84433 -0.53583 0.00000 0.00000 0.00000 1.00000 0.53583 0.84433 0.00000
60 1.00000 49.53628 49.65883 33.07928 0.80902 -0.58779 0.00000 0.00000 0.00000 1.00000 0.58779 0.80902 0.00000
61 1.00000 49.36807 49.78930 33.07928 0.77051 -0.63742 0.00000 0.00000 0.00000 1.00000 0.63742 0.77051 0.00000
62 1.00000 49.20840 49.93007 33.07928 0.72897 -0.68455 0.00000 0.00000 0.00000 1.00000 0.68455 0.72897 0.00000
63 1.00000 49.05788 50.08059 33.07928 0.68455 -0.72897 0.00000 0.00000 0.00000 1.00000 0.72897 0.68455 0.00000
64 1.00000 48.91710 50.24027 33.07928 0.63742 -0.77051 0.00000 0.00000 0.00000 1.00000 0.77051 0.63742 0.00000
65 1.00000 48.78663 50.40847 33.07928 0.58779 -0.80902 0.00000 0.00000 0.00000 1.00000 0.80902 0.58779 0.00000
66 1.00000 48.66698 50.58453 33.07928 0.53583 -0.84433 0.00000 0.00000 0.00000 1.00000 0.84433 0.53583 0.00000
67 1.00000 48.55862 50.76776 33.07928 0.48175 -0.87631 0.00000 0.00000 0.00000 1.00000 0.87631 0.48175 0.00000
68 1.00000 48.46198 50.95743 33.07928 0.42578 -0.90483 0.00000 0.00000 0.00000 1.00000 0.90483 0.42578 0.00000
69 1.00000 48.37744 51.15279 33.07928 0.36812 -0.92978 0.00000 0.00000 0.00000 1.00000 0.92978 0.36812 0.00000
70 1.00000 48.30533 51.35308 33.07928 0.30902 -0.95106 0.00000 0.00000 0.00000 1.00000 0.95106 0.30902 0.00000
71 1.00000 48.24594 51.55750 33.07928 0.24869 -0.96858 0.00000 0.00000 0.00000 1.00000 0.96858 0.24869 0.00000
72 1.00000 48.19951 51.76524 33.07928 0.18738 -0.98229 0.00000 0.00000 0.00000 1.00000 0.98229 0.18738 0.00000
73 1.00000 48.16621 51.97549 33.07928 0.12533 -0.99211 0.00000 0.00000 0.00000 1.00000 0.99211 0.12533 0.00000
74 1.00000 48.14617 52.18742 33.07928 0.06279 -0.99803 0.00000 0.00000 0.00000 1.00000 0.99803 0.06279 0.00000
75 1.00000 48.13949 52.40018 33.07928 0.00000 -1.00000 0.00000 0.00000 0.00000 1.00000 1.00000 0.00000 0.00000
76 1.00000 48.14617 52.61295 33.07928 -0.06279 -0.99803 0.00000 0.00000 0.00000 1.00000 0.99803 -0.06279 0.00000
77 1.00000 48.16621 52.82487 33.07928 -0.12533 -0.99211 0.00000 0.00000 0.00000 1.00000 0.99211 -0.12533 0.00000
78 1.00000 48.19951 53.03512 33.07928 -0.18738 -0.98229 0.00000 0.00000 0.00000 1.00000 0.98229 -0.18738 0.00000
79 1.00000 48.24594 53.24287 33.07928 -0.24869 -0.96858 0.00000 0.00000 0.00000 1.00000 0.96858 -0.24869 0.00000
80 1.00000 48.30533 53.44729 33.07928 -0.30902 -0.95106 0.00000 0.00000 0.00000 1.00000 0.95106 -0.30902 0.00000
81 1.00000 48.37744 53.64757 33.07928 -0.36812 -0.92978 0.00000 0.00000 0.00000 1.00000 0.92978 -0.36812 0.00000
82 1.00000 48.46198 53.84294 33.07928 -0.42578 -0.90483 0.00000 0.00000 0.00000 1.00000 0.90483 -0.42578 0.00000
83 1.00000 48.55862 54.03260 33.07928 -0.48175 -0.87631 0.00000 0.00000 0.00000 1.00000 0.87631 -0.48175 0.00000
84 1.00000 48.66698 54.21583 33.07928 -0.53583 -0.84433 0.00000 0.00000 0.00000 1.00000 0.84433 -0.53583 0.00000
85 1.00000 48.78663 54.39189 33.07928 -0.58779 -0.80902 0.00000 0.00000 0.00000 1.00000 0.80902 -0.58779 0.00000
86 1.00000 48.91710 54.56009 33.07928 -0.63742 -0.77051 0.00000 0.00000 0.00000 1.00000 0.77051 -0.63742 0.00000
87 1.00000 49.05788 54.71977 33.07928 -0.68455 -0.72897 0.00000 0.00000 0.00000 1.00000 0.72897 -0.68455 0.00000
88 1.00000 49.20840 54.87029 33.07928 -0.72897 -0.68455 0.00000 0.00000 0.00000 1.00000 0.68455 -0.72897 0.00000
89 1.00000 49.36807 55.01107 33.07928 -0.77051 -0.63742 0.00000 0.00000 0.00000 1.00000 0.63742 -0.77051 0.00000
90 1.00000 49.53628 55.14154 33.07928 -0.80902 -0.58779 0.00000 0.00000 0.00000 1.00000 0.58779 -0.80902 0.00000
91 1.00000 49.71234 55.26119 33.07928 -0.84433 -0.53583 0.00000 0.00000 0.00000 1.00000 0.53583 -0.84433 0.00000
92 1.00000 49.89556 55.36955 33.07928 -0.87631 -0.48175 0.00000 0.00000 0.00000 1.00000 0.48175 -0.87631 0.00000
93 1.00000 50.08523 55.46619 33.07928 -0.90483 -0.42578 0.00000 0.00000 0.00000 1.00000 0.42578 -0.90483 0.00000
94 1.00000 50.28060 55.55073 33.07928 -0.92978 -0.36812 0.00000 0.00000 0.00000 1.00000 0.36812 -0.92978 0.00000
95 1.00000 50.48088 55.62284 33.07928 -0.95106 -0.30902 0.00000 0.00000 0.00000 1.00000 0.30902 -0.95106 0.00000
96 1.00000 50.68530 55.68223 33.07928 -0.96858 -0.24869 0.00000 0.00000 0.00000 1.00000 0.24869 -0.96858 0.00000
97 1.00000 50.89304 55.72866 33.07928 -0.98229 -0.18738 0.00000 0.00000 0.00000 1.00000 0.18738 -0.98229 0.00000
98 1.00000 51.10329 55.76196 33.07928 -0.99211 -0.12533 0.00000 0.00000 0.00000 1.00000 0.12533 -0.99211 0.00000
99 1.00000 51.31522 55.78200 33.07928 -0.99803 -0.06279 0.00000 0.00000 0.00000 1.00000 0.06279 -0.99803 0.00000
