# RefL0100N1504
0 0.44000 16.22040 16.59940 12.00050 0.00000 -1.00000 0.00000 0.00000 0.00000 1.00000 -1.00000 0.00000 0.00000
1 0.44473 16.21355 16.33772 12.00050 -0.05234 -0.99863 0.00000 0.00000 0.00000 1.00000 -0.99863 0.05234 0.00000
2 0.44951 16.19301 16.07676 12.00050 -0.10453 -0.99452 0.00000 0.00000 0.00000 1.00000 -0.99452 0.10453 0.00000
3 0.45435 16.15884 15.81723 12.00050 -0.15643 -0.98769 0.00000 0.00000 0.00000 1.00000 -0.98769 0.15643 0.00000
4 0.45923 16.11114 15.55984 12.00050 -0.20791 -0.97815 0.00000 0.00000 0.00000 1.00000 -0.97815 0.20791 0.00000
5 0.46417 16.05003 15.30530 12.00050 -0.25882 -0.96593 0.00000 0.00000 0.00000 1.00000 -0.96593 0.25882 0.00000
6 0.46916 15.97568 15.05432 12.00050 -0.30902 -0.95106 0.00000 0.00000 0.00000 1.00000 -0.95106 0.30902 0.00000
7 0.47420 15.88830 14.80756 12.00050 -0.35837 -0.93358 0.00000 0.00000 0.00000 1.00000 -0.93358 0.35837 0.00000
8 0.47930 15.78813 14.56572 12.00050 -0.40674 -0.91355 0.00000 0.00000 0.00000 1.00000 -0.91355 0.40674 0.00000
9 0.48446 15.67543 14.32945 12.00050 -0.45399 -0.89101 0.00000 0.00000 0.00000 1.00000 -0.89101 0.45399 0.00000
10 0.48967 15.55053 14.09940 12.00050 -0.50000 -0.86603 0.00000 0.00000 0.00000 1.00000 -0.86603 0.50000 0.00000
11 0.49493 15.41375 13.87620 12.00050 -0.54464 -0.83867 0.00000 0.00000 0.00000 1.00000 -0.83867 0.54464 0.00000
12 0.50025 15.26548 13.66047 12.00050 -0.58779 -0.80902 0.00000 0.00000 0.00000 1.00000 -0.80902 0.58779 0.00000
13 0.50563 15.10613 13.45280 12.00050 -0.62932 -0.77715 0.00000 0.00000 0.00000 1.00000 -0.77715 0.62932 0.00000
14 0.51107 14.93612 13.25375 12.00050 -0.66913 -0.74314 0.00000 0.00000 0.00000 1.00000 -0.74314 0.66913 0.00000
15 0.51656 14.75593 13.06387 12.00050 -0.70711 -0.70711 0.00000 0.00000 0.00000 1.00000 -0.70711 0.70711 0.00000
16 0.52212 14.56605 12.88368 12.00050 -0.74314 -0.66913 0.00000 0.00000 0.00000 1.00000 -0.66913 0.74314 0.00000
17 0.52773 14.36700 12.71367 12.00050 -0.77715 -0.62932 0.00000 0.00000 0.00000 1.00000 -0.62932 0.77715 0.00000
18 0.53341 14.15933 12.55432 12.00050 -0.80902 -0.58779 0.00000 0.00000 0.00000 1.00000 -0.58779 0.80902 0.00000
19 0.53914 13.94360 12.40605 12.00050 -0.83867 -0.54464 0.00000 0.00000 0.00000 1.00000 -0.54464 0.83867 0.00000
20 0.54494 13.72040 12.26927 12.00050 -0.86603 -0.50000 0.00000 0.00000 0.00000 1.00000 -0.50000 0.86603 0.00000
21 0.55080 13.49035 12.14437 12.00050 -0.89101 -0.45399 0.00000 0.00000 0.00000 1.00000 -0.45399 0.89101 0.00000
22 0.55672 13.25408 12.03167 12.00050 -0.91355 -0.40674 0.00000 0.00000 0.00000 1.00000 -0.40674 0.91355 0.00000
23 0.56271 13.01224 11.93150 12.00050 -0.93358 -0.35837 0.00000 0.00000 0.00000 1.00000 -0.35837 0.93358 0.00000
24 0.56876 12.76548 11.84412 12.00050 -0.95106 -0.30902 0.00000 0.00000 0.00000 1.00000 -0.30902 0.95106 0.00000
25 0.57487 12.51450 11.76977 12.00050 -0.96593 -0.25882 0.00000 0.00000 0.00000 1.00000 -0.25882 0.96593 0.00000
26 0.58105 12.25996 11.70866 12.00050 -0.97815 -0.20791 0.00000 0.00000 0.00000 1.00000 -0.20791 0.97815 0.00000
27 0.58730 12.00257 11.66096 12.00050 -0.98769 -0.15643 0.00000 0.00000 0.00000 1.00000 -0.15643 0.98769 0.00000
28 0.59362 11.74304 11.62679 12.00050 -0.99452 -0.10453 0.00000 0.00000 0.00000 1.00000 -0.10453 0.99452 0.00000
29 0.60000 11.48208 11.60625 12.00050 -0.99863 -0.05234 0.00000 0.00000 0.00000 1.00000 -0.05234 0.99863 0.00000
