# RefL0100N1504
0 0.38000 16.22040 16.59940 12.00050 0.00000 -0.70711 0.70711 0.00000 0.70711 0.70711 -1.00000 0.00000 0.00000
1 0.38770 16.19301 16.22984 12.37006 -0.10453 -0.70323 0.70323 -0.00000 0.70711 0.70711 -0.99452 0.07391 -0.07391
2 0.39556 16.11114 15.86432 12.73558 -0.20791 -0.69165 0.69165 0.00000 0.70711 0.70711 -0.97815 0.14702 -0.14702
3 0.40358 15.97568 15.50686 13.09304 -0.30902 -0.67250 0.67250 -0.00000 0.70711 0.70711 -0.95106 0.21851 -0.21851
4 0.41176 15.78813 15.16137 13.43853 -0.40674 -0.64597 0.64597 0.00000 0.70711 0.70711 -0.91355 0.28761 -0.28761
5 0.42010 15.55053 14.83163 13.76827 -0.50000 -0.61237 0.61237 -0.00000 0.70711 0.70711 -0.86603 0.35355 -0.35355
6 0.42862 15.26548 14.52127 14.07863 -0.58779 -0.57206 0.57206 0.00000 0.70711 0.70711 -0.80902 0.41563 -0.41563
7 0.43731 14.93612 14.23367 14.36623 -0.66913 -0.52548 0.52548 0.00000 0.70711 0.70711 -0.74314 0.47315 -0.47315
8 0.44617 14.56605 13.97199 14.62791 -0.74314 -0.47315 0.47315 0.00000 0.70711 0.70711 -0.66913 0.52548 -0.52548
9 0.45521 14.15933 13.73909 14.86081 -0.80902 -0.41563 0.41563 -0.00000 0.70711 0.70711 -0.58779 0.57206 -0.57206
10 0.46444 13.72040 13.53754 15.06236 -0.86603 -0.35355 0.35355 0.00000 0.70711 0.70711 -0.50000 0.61237 -0.61237
11 0.47385 13.25408 13.36953 15.23037 -0.91355 -0.28761 0.28761 0.00000 0.70711 0.70711 -0.40674 0.64597 -0.64597
12 0.48346 12.76548 13.23691 15.36299 -0.95106 -0.21851 0.21851 -0.00000 0.70711 0.70711 -0.30902 0.67250 -0.67250
13 0.49326 12.25996 13.14113 15.45877 -0.97815 -0.14702 0.14702 -0.00000 0.70711 0.70711 -0.20791 0.69165 -0.69165
14 0.50326 11.74304 13.08323 15.51667 -0.99452 -0.07391 0.07391 -0.00000 0.70711 0.70711 -0.10453 0.70323 -0.70323
15 0.51346 11.22040 13.06387 15.53603 -1.00000 0.00000 0.00000 0.00000 0.70711 0.70711 0.00000 0.70711 -0.70711
16 0.52386 10.69776 13.08323 15.51667 -0.99452 0.07391 -0.07391 0.00000 0.70711 0.70711 0.10453 0.70323 -0.70323
17 0.53448 10.18084 13.14113 15.45877 -0.97815 0.14702 -0.14702 0.00000 0.70711 0.70711 0.20791 0.69165 -0.69165
18 0.54532 9.67532 13.23691 15.36299 -0.95106 0.21851 -0.21851 0.00000 0.70711 0.70711 0.30902 0.67250 -0.67250
19 0.55637 9.18672 13.36953 15.23037 -0.91355 0.28761 -0.28761 -0.00000 0.70711 0.70711 0.40674 0.64597 -0.64597
20 0.56765 8.72040 13.53754 15.06236 -0.86603 0.35355 -0.35355 0.00000 0.70711 0.70711 0.50000 0.61237 -0.61237
21 0.57915 8.28147 13.73909 14.86081 -0.80902 0.41563 -0.41563 0.00000 0.70711 0.70711 0.58779 0.57206 -0.57206
22 0.59089 7.87475 13.97199 14.62791 -0.74314 0.47315 -0.47315 -0.00000 0.70711 0.70711 0.66913 0.52548 -0.52548
23 0.60287 7.50468 14.23367 14.36623 -0.66913 0.52548 -0.52548 -0.00000 0.70711 0.70711 0.74314 0.47315 -0.47315
24 0.61509 7.17532 14.52127 14.07863 -0.58779 0.57206 -0.57206 0.00000 0.70711 0.70711 0.80902 0.41563 -0.41563
25 0.62755 6.89027 14.83163 13.76827 -0.50000 0.61237 -0.61237 -0.00000 0.70711 0.70711 0.86603 0.35355 -0.35355
26 0.64027 6.65267 15.16137 13.43853 -0.40674 0.64597 -0.64597 0.00000 0.70711 0.70711 0.91355 0.28761 -0.28761
27 0.65325 6.46512 15.50686 13.09304 -0.30902 0.67250 -0.67250 0.00000 0.70711 0.70711 0.95106 0.21851 -0.21851
28 0.66649 6.32966 15.86432 12.73558 -0.20791 0.69165 -0.69165 0.00000 0.70711 0.70711 0.97815 0.14702 -0.14702
29 0.68000 6.24779 16.22984 12.37006 -0.10453 0.70323 -0.70323 0.00000 0.70711 0.70711 0.99452 0.07391 -0.07391
