# RefL00250N0376
0 0.10000 16.22040 16.59940 12.00050 0.00000 0.70711 0.70711 0.00000 -0.70711 0.70711 -1.00000 0.00000 0.00000
1 0.10826 15.97568 15.50686 13.09304 0.00000 0.70711 0.70711 -0.30902 -0.67250 0.67250 -0.95106 0.21851 -0.21851
2 0.11721 15.26548 14.52127 14.07863 -0.00000 0.70711 0.70711 -0.58779 -0.57206 0.57206 -0.80902 0.41563 -0.41563
3 0.12690 14.15933 13.73909 14.86081 0.00000 0.70711 0.70711 -0.80902 -0.41563 0.41563 -0.58779 0.57206 -0.57206
4 0.13738 12.76548 13.23691 15.36299 0.00000 0.70711 0.70711 -0.95106 -0.21851 0.21851 -0.30902 0.67250 -0.67250
5 0.14874 11.22040 13.06387 15.53603 0.00000 0.70711 0.70711 -1.00000 0.00000 0.00000 0.00000 0.70711 -0.70711
6 0.16103 9.67532 13.23691 15.36299 0.00000 0.70711 0.70711 -0.95106 0.21851 -0.21851 0.30902 0.67250 -0.67250
7 0.17433 8.28147 13.73909 14.86081 -0.00000 0.70711 0.70711 -0.80902 0.41563 -0.41563 0.58779 0.57206 -0.57206
8 0.18874 7.17532 14.52127 14.07863 0.00000 0.70711 0.70711 -0.58779 0.57206 -0.57206 0.80902 0.41563 -0.41563
9 0.20434 6.46512 15.50686 13.09304 0.00000 0.70711 0.70711 -0.30902 0.67250 -0.67250 0.95106 0.21851 -0.21851
10 0.22122 6.22040 16.59940 12.00050 -0.00000 0.70711 0.70711 0.00000 0.70711 -0.70711 1.00000 0.00000 0.00000
11 0.23950 6.46512 17.69194 10.90796 -0.00000 0.70711 0.70711 0.30902 0.67250 -0.67250 0.95106 -0.21851 0.21851
12 0.25929 7.17532 18.67753 9.92237 0.00000 0.70711 0.70711 0.58779 0.57206 -0.57206 0.80902 -0.41563 0.41563
13 0.28072 8.28147 19.45971 9.14019 0.00000 0.70711 0.70711 0.80902 0.41563 -0.41563 0.58779 -0.57206 0.57206
14 0.30392 9.67532 19.96189 8.63801 -0.00000 0.70711 0.70711 0.95106 0.21851 -0.21851 0.30902 -0.67250 0.67250
15 0.32903 11.22040 20.13493 8.46497 0.00000 0.70711 0.70711 1.00000 0.00000 -0.00000 0.00000 -0.70711 0.70711
16 0.35622 12.76548 19.96189 8.63801 -0.00000 0.70711 0.70711 0.95106 -0.21851 0.21851 -0.30902 -0.67250 0.67250
17 0.38566 14.15933 19.45971 9.14019 0.00000 0.70711 0.70711 0.80902 -0.41563 0.41563 -0.58779 -0.57206 0.57206
18 0.41753 15.26548 18.67753 9.92237 -0.00000 0.70711 0.70711 0.58779 -0.57206 0.57206 -0.80902 -0.41563 0.41563
19 0.45204 15.97568 17.69194 10.90796 -0.00000 0.70711 0.70711 0.30902 -0.67250 0.67250 -0.95106 -0.21851 0.21851
20 0.48939 16.22040 16.59940 12.00050 0.00000 0.70711 0.70711 0.00000 -0.70711 0.70711 -1.00000 0.00000 0.00000
21 0.52983 15.97568 15.50686 13.09304 0.00000 0.70711 0.70711 -0.30902 -0.67250 0.67250 -0.95106 0.21851 -0.21851
22 0.57362 15.26548 14.52127 14.07863 0.00000 0.70711 0.70711 -0.58779 -0.57206 0.57206 -0.80902 0.41563 -0.41563
23 0.62102 14.15933 13.73909 14.86081 -0.00000 0.70711 0.70711 -0.80902 -0.41563 0.41563 -0.58779 0.57206 -0.57206
24 0.67234 12.76548 13.23691 15.36299 0.00000 0.70711 0.70711 -0.95106 -0.21851 0.21851 -0.30902 0.67250 -0.67250
25 0.72790 11.22040 13.06387 15.53603 0.00000 0.70711 0.70711 -1.00000 -0.00000 0.00000 -0.00000 0.70711 -0.70711
26 0.78805 9.67532 13.23691 15.36299 0.00000 0.70711 0.70711 -0.95106 0.21851 -0.21851 0.30902 0.67250 -0.67250
27 0.85317 8.28147 13.73909 14.86081 0.00000 0.70711 0.70711 -0.80902 0.41563 -0.41563 0.58779 0.57206 -0.57206
28 0.92367 7.17532 14.52127 14.07863 0.00000 0.70711 0.70711 -0.58779 0.57206 -0.57206 0.80902 0.41563 -0.41563
29 1.00000 6.46512 15.50686 13.09304 0.00000 0.70711 0.70711 -0.30902 0.67250 -0.67250 0.95106 0.21851 -0.21851
