# RefL0100N1504
0 0.38000 2.00000 3.53553 3.53553 0.16865 -0.74305 0.64764 -0.91303 0.12980 0.38668 -0.37139 -0.65653 -0.65653
1 0.38770 1.97935 2.91239 4.15868 -0.26180 -0.72756 0.63413 -0.89416 0.43014 0.12435 -0.36323 -0.53446 -0.76316
2 0.39556 1.56130 2.30941 4.76166 -0.64183 -0.58598 0.49465 -0.71273 0.69386 -0.10283 -0.28297 -0.41855 -0.86299
3 0.40358 0.77254 1.85429 5.21678 -0.90261 -0.34566 0.25653 -0.40767 0.87777 -0.25163 -0.13820 -0.33171 -0.93321
4 0.41176 -0.27874 1.66025 5.41082 -0.99805 -0.05115 -0.03572 -0.03837 0.95475 -0.29493 0.04919 -0.29298 -0.95485
5 0.42010 -1.41667 1.80048 5.27059 -0.91239 0.24405 -0.32861 0.32677 0.91776 -0.22568 0.24651 -0.31329 -0.91711
6 0.42862 -2.42705 2.28865 4.78241 -0.66241 0.48701 -0.56923 0.62286 0.78023 -0.05728 0.41624 -0.39250 -0.82018
7 0.43731 -3.09747 3.06998 4.00108 -0.29398 0.63474 -0.71462 0.79979 0.57274 0.17971 0.52336 -0.51872 -0.67604
8 0.44617 -3.26049 4.02559 3.04548 0.12646 0.66159 -0.73912 0.83043 0.33694 0.44368 0.54258 -0.66990 -0.50680
9 0.45521 -2.83156 4.99023 2.08084 0.52379 0.56357 -0.63877 0.71442 0.11777 0.68973 0.46394 -0.81763 -0.34094
10 0.46444 -1.83333 5.78090 1.29017 0.82758 0.35880 -0.43171 0.47716 -0.04455 0.87769 0.29568 -0.93235 -0.20808
11 0.47385 -0.40069 6.23126 0.83981 0.98435 0.08416 -0.15480 0.16432 -0.12136 0.97891 0.06360 -0.98903 -0.13330
12 0.48346 1.23607 6.22553 0.84554 0.96689 -0.21139 0.14298 -0.16693 -0.10008 0.98088 -0.19304 -0.97226 -0.13205
13 0.49326 2.78804 5.72505 1.34602 0.77876 -0.47546 0.40922 -0.45829 0.01424 0.88869 -0.42837 -0.87962 -0.20681
14 0.50326 3.95870 4.78183 2.28924 0.45355 -0.66144 0.59732 -0.66055 0.20046 0.72353 -0.59831 -0.72271 -0.34599
15 0.51346 4.50000 3.53553 3.53553 0.04875 -0.73661 0.67456 -0.74169 0.42564 0.51838 -0.66896 -0.52559 -0.52559
16 0.52386 4.26321 2.19337 4.87770 -0.36440 -0.68782 0.62779 -0.69186 0.65120 0.31187 -0.62333 -0.32070 -0.71317
17 0.53448 3.23413 0.99570 6.07537 -0.71342 -0.52368 0.46561 -0.52417 0.83980 0.14140 -0.46506 -0.14318 -0.87362
18 0.54532 1.54508 0.17304 6.89803 -0.93728 -0.27297 0.21679 -0.27159 0.96171 0.03671 -0.21851 -0.02447 -0.97553
19 0.55637 -0.54006 -0.09784 7.16891 -0.99699 0.02048 -0.07483 0.01940 0.99970 0.01511 0.07511 0.01361 -0.99708
20 0.56765 -2.66667 0.26955 6.80152 -0.88233 0.30546 -0.35804 0.29740 0.95149 0.07889 0.36477 -0.03687 -0.93037
21 0.57915 -4.44959 1.24959 5.82148 -0.61354 0.53236 -0.58323 0.51499 0.82965 0.21554 0.59862 -0.16811 -0.78319
22 0.59089 -5.54284 2.70244 4.36862 -0.23772 0.66179 -0.71100 0.63682 0.65891 0.40038 0.73345 -0.35760 -0.57808
23 0.60287 -5.70586 4.39313 2.67794 0.17948 0.67141 -0.71903 0.64516 0.47144 0.60126 0.74267 -0.57180 -0.34856
24 0.61509 -4.85410 6.02930 1.04177 0.56529 0.55979 -0.60587 0.54239 0.30115 0.78430 0.62150 -0.77197 -0.13339
25 0.62755 -3.08333 7.31183 -0.24076 0.85253 0.34662 -0.39122 0.34980 0.17780 0.91980 0.38838 -0.92100 0.03033
26 0.64027 -0.66201 7.98934 -0.91828 0.99125 0.06922 -0.11240 0.10341 0.12203 0.98713 0.08204 -0.99011 0.11380
27 0.65325 2.00861 7.90677 -0.83571 0.95742 -0.22397 0.18216 -0.15281 0.14219 0.97797 -0.24493 -0.96417 0.10191
28 0.66649 4.46087 7.03875 0.03232 0.75704 -0.48180 0.44132 -0.37463 0.23330 0.89734 -0.53530 -0.84465 -0.00388
29 0.68000 6.24256 5.50084 1.57022 0.42503 -0.65937 0.62015 -0.52516 0.37839 0.76225 -0.73726 -0.64966 -0.18545
