0 1.00000 65.69466 42.86773 40.46151 -0.25640 -0.68347 0.68347 0.00000 0.70711 0.70711 -0.96657 0.18130 -0.18130
1 1.00000 64.54408 42.28452 41.04472 -0.42527 -0.63998 0.63998 -0.00000 0.70711 0.70711 -0.90507 0.30071 -0.30071
2 1.00000 63.34253 41.86929 41.45995 -0.59299 -0.56937 0.56937 0.00000 0.70711 0.70711 -0.80521 0.41931 -0.41931
3 1.00000 62.12035 41.60720 41.72204 -0.75362 -0.46479 0.46479 0.00000 0.70711 0.70711 -0.65731 0.53289 -0.53289
4 1.00000 60.90791 41.48340 41.84585 -0.89228 -0.31925 0.31925 0.00000 0.70711 0.70711 -0.45149 0.63093 -0.63093
5 1.00000 59.73558 41.48303 41.84621 -0.98215 -0.13299 0.13299 0.00000 0.70711 0.70711 -0.18807 0.69449 -0.69449
6 1.00000 58.63372 41.59127 41.73798 -0.99417 0.07627 -0.07627 0.00000 0.70711 0.70711 0.10787 0.70298 -0.70298
7 1.00000 57.63268 41.79325 41.53599 -0.92125 0.27504 -0.27504 -0.00000 0.70711 0.70711 0.38897 0.65142 -0.65142
8 1.00000 56.76282 42.07414 41.25510 -0.78814 0.43522 -0.43522 0.00000 0.70711 0.70711 0.61549 0.55730 -0.55730
9 1.00000 56.05452 42.41908 40.91016 -0.62961 0.54936 -0.54936 0.00000 0.70711 0.70711 0.77691 0.44520 -0.44520
10 1.00000 55.53813 42.81324 40.51600 -0.46847 0.62471 -0.62471 -0.00000 0.70711 0.70711 0.88348 0.33126 -0.33126
11 1.00000 55.23536 43.24176 40.08748 -0.31149 0.67193 -0.67193 -0.00000 0.70711 0.70711 0.95025 0.22026 -0.22026
12 1.00000 55.13327 43.68980 39.63944 -0.15437 0.69863 -0.69863 -0.00000 0.70711 0.70711 0.98801 0.10915 -0.10915
13 1.00000 55.21028 44.14251 39.18673 0.00858 0.70708 -0.70708 0.00000 0.70711 0.70711 0.99996 -0.00607 0.00607
14 1.00000 55.44481 44.58505 38.74419 0.18108 0.69542 -0.69542 0.00000 0.70711 0.70711 0.98347 -0.12804 0.12804
15 1.00000 55.81527 45.00257 38.32667 0.36298 0.65888 -0.65888 0.00000 0.70711 0.70711 0.93180 -0.25666 0.25666
16 1.00000 56.30008 45.38023 37.94902 0.54803 0.59147 -0.59147 0.00000 0.70711 0.70711 0.83646 -0.38752 0.38752
17 1.00000 56.87764 45.70317 37.62607 0.72239 0.48896 -0.48896 -0.00000 0.70711 0.70711 0.69149 -0.51081 0.51081
18 1.00000 57.52637 45.95655 37.37269 0.86671 0.35271 -0.35271 -0.00000 0.70711 0.70711 0.49880 -0.61286 0.61286
19 1.00000 58.22469 46.12553 37.20371 0.96274 0.19123 -0.19123 -0.00000 0.70711 0.70711 0.27043 -0.68076 0.68076
20 1.00000 58.95101 46.19526 37.13398 0.99971 0.01701 -0.01701 0.00000 0.70711 0.70711 0.02405 -0.70690 0.70690
21 1.00000 59.68342 46.15566 37.17358 0.97460 -0.15837 0.15837 -0.00000 0.70711 0.70711 -0.22397 -0.68914 0.68914
22 1.00000 60.39877 46.01575 37.31349 0.88957 -0.32300 0.32300 -0.00000 0.70711 0.70711 -0.45679 -0.62902 0.62902
23 1.00000 61.07357 45.78930 37.53994 0.75487 -0.46378 0.46378 0.00000 0.70711 0.70711 -0.65588 -0.53377 0.53377
24 1.00000 61.68433 45.49010 37.83915 0.58856 -0.57166 0.57166 0.00000 0.70711 0.70711 -0.80845 -0.41618 0.41618
25 1.00000 62.20758 45.13192 38.19732 0.40995 -0.64496 0.64496 -0.00000 0.70711 0.70711 -0.91211 -0.28988 0.28988
26 1.00000 62.61983 44.72855 38.60069 0.23284 -0.68767 0.68767 -0.00000 0.70711 0.70711 -0.97251 -0.16465 0.16465
27 1.00000 62.89760 44.29378 39.03547 0.06350 -0.70568 0.70568 -0.00000 0.70711 0.70711 -0.99798 -0.04490 0.04490
28 1.00000 63.01741 43.84137 39.48788 -0.09792 -0.70371 0.70371 0.00000 0.70711 0.70711 -0.99519 0.06924 -0.06924
29 1.00000 62.95577 43.38511 39.94413 -0.25521 -0.68369 0.68369 0.00000 0.70711 0.70711 -0.96689 0.18046 -0.18046
30 1.00000 62.68921 42.93878 40.39046 -0.41432 -0.64356 0.64356 0.00000 0.70711 0.70711 -0.91013 0.29297 -0.29297
31 1.00000 62.20124 42.51617 40.81307 -0.58058 -0.57573 0.57573 -0.00000 0.70711 0.70711 -0.81420 0.41053 -0.41053
32 1.00000 61.50339 42.13105 41.19819 -0.74975 -0.46791 0.46791 0.00000 0.70711 0.70711 -0.66172 0.53015 -0.53015
33 1.00000 60.61421 41.79721 41.53203 -0.89978 -0.30854 0.30854 0.00000 0.70711 0.70711 -0.43634 0.63624 -0.63624
34 1.00000 59.55223 41.52842 41.80082 -0.98968 -0.10134 0.10134 0.00000 0.70711 0.70711 -0.14331 0.69981 -0.69981
35 1.00000 58.33599 41.33847 41.99077 -0.98514 0.12144 -0.12144 0.00000 0.70711 0.70711 0.17175 0.69660 -0.69660
36 1.00000 56.98403 41.24113 42.08811 -0.89422 0.31652 -0.31652 0.00000 0.70711 0.70711 0.44763 0.63231 -0.63231
37 1.00000 55.51488 41.25020 42.07904 -0.75660 0.46236 -0.46236 0.00000 0.70711 0.70711 0.65388 0.53500 -0.53500
38 1.00000 53.94707 41.37944 41.94980 -0.60689 0.56200 -0.56200 -0.00000 0.70711 0.70711 0.79479 0.42913 -0.42913
39 1.00000 52.29916 41.64265 41.68659 -0.46207 0.62709 -0.62709 0.00000 0.70711 0.70711 0.88684 0.32674 -0.32674
