0 1.00000 45.29593 50.05594 35.13062 -0.24338 0.96993 0.00000 -0.19561 -0.04908 0.97945 0.95000 0.23838 0.20167
1 1.00000 46.06760 50.24533 35.28294 -0.23318 0.97243 0.00000 -0.16973 -0.04070 0.98465 0.95751 0.22960 0.17454
2 1.00000 46.81294 50.41976 35.40765 -0.22238 0.97496 0.00000 -0.14307 -0.03263 0.98917 0.96441 0.21997 0.14674
3 1.00000 47.53190 50.57938 35.50624 -0.21092 0.97750 0.00000 -0.11563 -0.02495 0.99298 0.97064 0.20944 0.11829
4 1.00000 48.22440 50.72437 35.58016 -0.19871 0.98006 -0.00000 -0.08744 -0.01773 0.99601 0.97615 0.19792 0.08922
5 1.00000 48.89038 50.85487 35.63089 -0.18566 0.98261 0.00000 -0.05851 -0.01105 0.99823 0.98087 0.18533 0.05954
6 1.00000 49.52977 50.97106 35.65989 -0.17165 0.98516 0.00000 -0.02886 -0.00503 0.99957 0.98474 0.17158 0.02930
7 1.00000 50.14250 51.07309 35.66863 -0.15655 0.98767 -0.00000 0.00146 0.00023 1.00000 0.98767 0.15655 -0.00148
8 1.00000 50.72851 51.16113 35.65858 -0.14022 0.99012 0.00000 0.03244 0.00459 0.99946 0.98959 0.14014 -0.03276
9 1.00000 51.28781 51.23533 35.63120 -0.12240 0.99248 0.00000 0.06400 0.00789 0.99792 0.99042 0.12214 -0.06448
10 1.00000 51.82070 51.29586 35.58797 -0.10285 0.99470 -0.00000 0.09600 0.00993 0.99533 0.99005 0.10237 -0.09651
11 1.00000 52.32759 51.34288 35.53035 -0.08134 0.99669 -0.00000 0.12828 0.01047 0.99168 0.98840 0.08066 -0.12871
12 1.00000 52.80886 51.37655 35.45980 -0.05762 0.99834 0.00000 0.16063 0.00927 0.98697 0.98533 0.05687 -0.16090
13 1.00000 53.26490 51.39703 35.37780 -0.03140 0.99951 0.00000 0.19279 0.00606 0.98122 0.98074 0.03081 -0.19289
14 1.00000 53.69610 51.40448 35.28581 -0.00236 1.00000 -0.00000 0.22446 0.00053 0.97448 0.97448 0.00230 -0.22446
15 1.00000 54.10286 51.39906 35.18531 0.02988 0.99955 -0.00000 0.25523 -0.00763 0.96685 0.96642 -0.02889 -0.25534
16 1.00000 54.48571 51.38093 35.07775 0.06564 0.99784 0.00000 0.28432 -0.01870 0.95855 0.95648 -0.06292 -0.28494
17 1.00000 54.84579 51.35027 34.96461 0.10507 0.99446 -0.00000 0.31067 -0.03282 0.94995 0.94469 -0.09982 -0.31240
18 1.00000 55.18436 51.30721 34.84735 0.14820 0.98896 -0.00000 0.33334 -0.04995 0.94148 0.93109 -0.13953 -0.33706
19 1.00000 55.50272 51.25194 34.72744 0.19488 0.98083 -0.00000 0.35135 -0.06981 0.93364 0.91574 -0.18195 -0.35821
20 1.00000 55.80214 51.18461 34.60634 0.24479 0.96958 0.00000 0.36371 -0.09183 0.92697 0.89877 -0.22692 -0.37512
21 1.00000 56.08389 51.10537 34.48554 0.29735 0.95477 0.00000 0.36953 -0.11509 0.92206 0.88036 -0.27418 -0.38704
22 1.00000 56.34926 51.01440 34.36648 0.35172 0.93610 0.00000 0.36809 -0.13830 0.91945 0.86070 -0.32339 -0.39321
23 1.00000 56.59952 50.91185 34.25065 0.40684 0.91350 0.00000 0.35895 -0.15986 0.91956 0.84002 -0.37412 -0.39294
24 1.00000 56.83596 50.79788 34.13950 0.46150 0.88714 0.00000 0.34204 -0.17793 0.92268 0.81855 -0.42582 -0.38556
25 1.00000 57.05985 50.67266 34.03452 0.51441 0.85754 -0.00000 0.31772 -0.19059 0.92883 0.79651 -0.47780 -0.37050
26 1.00000 57.27247 50.53634 33.93715 0.56440 0.82550 -0.00000 0.28673 -0.19604 0.93774 0.77410 -0.52926 -0.34734
27 1.00000 57.47510 50.38909 33.84887 0.61048 0.79203 0.00000 0.25015 -0.19281 0.94881 0.75149 -0.57923 -0.31584
28 1.00000 57.66902 50.23107 33.77115 0.65195 0.75826 0.00000 0.20928 -0.17994 0.96116 0.72881 -0.62663 -0.27600
29 1.00000 57.85551 50.06244 33.70546 0.68843 0.72530 -0.00000 0.16549 -0.15708 0.97362 0.70617 -0.67027 -0.22816
30 1.00000 58.03584 49.88336 33.65326 0.71983 0.69415 0.00000 0.12010 -0.12454 0.98492 0.68368 -0.70897 -0.17301
31 1.00000 58.21129 49.69399 33.61602 0.74629 0.66563 0.00000 0.07430 -0.08330 0.99375 0.66147 -0.74162 -0.11163
32 1.00000 58.38315 49.49449 33.59521 0.76811 0.64032 0.00000 0.02909 -0.03489 0.99897 0.63966 -0.76731 -0.04543
33 1.00000 58.55268 49.28503 33.59230 0.78569 0.61862 0.00000 -0.01478 0.01877 0.99971 0.61845 -0.78546 0.02390
34 1.00000 58.72118 49.06577 33.60875 0.79946 0.60072 -0.00000 -0.05679 0.07557 0.99552 0.59803 -0.79588 0.09453
35 1.00000 58.88991 48.83686 33.64603 0.80983 0.58666 0.00000 -0.09663 0.13338 0.98634 0.57865 -0.79877 0.16471
36 1.00000 59.06016 48.59847 33.70560 0.81720 0.57635 0.00000 -0.13420 0.19028 0.97252 0.56051 -0.79474 0.23284
37 1.00000 59.23321 48.35076 33.78895 0.82191 0.56962 0.00000 -0.16955 0.24464 0.95467 0.54381 -0.78465 0.29765
38 1.00000 59.41033 48.09389 33.89752 0.82423 0.56626 0.00000 -0.20285 0.29526 0.93364 0.52868 -0.76953 0.35822
39 1.00000 59.59280 47.82802 34.03280 0.82442 0.56598 0.00000 -0.23430 0.34130 0.91028 0.51520 -0.75046 0.41398
40 1.00000 59.78190 47.55331 34.19625 0.82269 0.56850 -0.00000 -0.26417 0.38229 0.88547 0.50339 -0.72847 0.46469
41 1.00000 59.97892 47.26993 34.38933 0.81920 0.57351 0.00000 -0.29269 0.41807 0.85997 0.49321 -0.70449 0.51034
42 1.00000 60.18512 46.97803 34.61351 0.81410 0.58073 -0.00000 -0.32005 0.44866 0.83443 0.48458 -0.67931 0.55112
43 1.00000 60.40178 46.67778 34.87027 0.80752 0.58984 0.00000 -0.34643 0.47428 0.80935 0.47739 -0.65356 0.58733
44 1.00000 60.62926 46.36934 35.16106 0.80302 0.59595 0.00000 -0.37008 0.49867 0.78382 0.46712 -0.62942 0.62099
45 1.00000 60.86416 46.05286 35.48736 0.80380 0.59490 0.00000 -0.38900 0.52560 0.75659 0.45009 -0.60815 0.65389
46 1.00000 61.10213 45.72852 35.85063 0.80948 0.58715 0.00000 -0.40276 0.55527 0.72764 0.42723 -0.58901 0.68596
47 1.00000 61.33886 45.39646 36.25235 0.81973 0.57275 0.00000 -0.41066 0.58774 0.69708 0.39925 -0.57141 0.71700
48 1.00000 61.57002 45.05686 36.69397 0.83424 0.55140 0.00000 -0.41176 0.62297 0.66510 0.36674 -0.55485 0.74676
49 1.00000 61.79127 44.70988 37.17697 0.85266 0.52247 0.00000 -0.40488 0.66075 0.63205 0.33023 -0.53892 0.77493
50 1.00000 61.99828 44.35566 37.70281 0.87448 0.48505 0.00000 -0.38862 0.70062 0.59842 0.29026 -0.52331 0.80119
51 1.00000 62.18742 43.99445 38.27228 0.89683 0.44237 0.00000 -0.36443 0.73882 0.56686 0.25077 -0.50838 0.82381
52 1.00000 62.35787 43.62676 38.88340 0.91718 0.39847 0.00000 -0.33553 0.77233 0.53938 0.21492 -0.49471 0.84206
53 1.00000 62.50952 43.25315 39.53352 0.93546 0.35344 0.00000 -0.30285 0.80157 0.51553 0.18221 -0.48226 0.85687
54 1.00000 62.64224 42.87421 40.21998 0.95158 0.30740 0.00000 -0.26711 0.82687 0.49491 0.15214 -0.47095 0.86894
55 1.00000 62.75590 42.49051 40.94012 0.96548 0.26047 0.00000 -0.22890 0.84848 0.47717 0.12429 -0.46070 0.87881
56 1.00000 62.85040 42.10263 41.69130 0.97710 0.21277 0.00000 -0.18870 0.86658 0.46198 0.09829 -0.45141 0.88689
57 1.00000 62.92561 41.71115 42.47085 0.98639 0.16442 -0.00000 -0.14691 0.88132 0.44910 0.07384 -0.44299 0.89348
58 1.00000 62.98141 41.31664 43.27612 0.99330 0.11557 0.00000 -0.10388 0.89281 0.43829 0.05065 -0.43535 0.89883
59 1.00000 63.01768 40.91968 44.10445 0.99780 0.06635 0.00000 -0.05993 0.90114 0.42938 0.02849 -0.42843 0.90313
60 1.00000 63.03431 40.52084 44.95318 0.99986 0.01691 -0.00000 -0.01533 0.90637 0.42221 0.00714 -0.42215 0.90650
61 1.00000 63.03116 40.12070 45.81966 0.99947 -0.03262 0.00000 0.02965 0.90858 0.41666 -0.01359 -0.41644 0.90906
62 1.00000 63.00812 39.71985 46.70123 0.99663 -0.08207 0.00000 0.07475 0.90782 0.41265 -0.03386 -0.41125 0.91089
63 1.00000 62.96507 39.31885 47.59524 0.99134 -0.13129 0.00000 0.11974 0.90415 0.41009 -0.05384 -0.40654 0.91204
64 1.00000 62.90190 38.91828 48.49903 0.98364 -0.18014 0.00000 0.16438 0.89763 0.40895 -0.07367 -0.40226 0.91256
65 1.00000 62.81847 38.51871 49.40994 0.97356 -0.22844 0.00000 0.20844 0.88832 0.40919 -0.09348 -0.39837 0.91245
66 1.00000 62.71467 38.12074 50.32532 0.96114 -0.27606 0.00000 0.25169 0.87630 0.41079 -0.11340 -0.39483 0.91173
67 1.00000 62.59038 37.72492 51.24251 0.94646 -0.32283 0.00000 0.29390 0.86164 0.41376 -0.13357 -0.39161 0.91039
68 1.00000 62.44548 37.33185 52.15885 0.92959 -0.36860 -0.00000 0.33484 0.84443 0.41811 -0.15412 -0.38867 0.90839
69 1.00000 62.27985 36.94209 53.07170 0.91062 -0.41324 0.00000 0.37428 0.82476 0.42388 -0.17517 -0.38600 0.90572
70 1.00000 62.09337 36.55622 53.97838 0.88967 -0.45661 0.00000 0.41200 0.80274 0.43112 -0.19685 -0.38355 0.90230
71 1.00000 61.88592 36.17482 54.87625 0.86684 -0.49858 0.00000 0.44776 0.77847 0.43988 -0.21932 -0.38130 0.89806
72 1.00000 61.65738 35.79846 55.76265 0.84227 -0.53905 -0.00000 0.48132 0.75208 0.45023 -0.24270 -0.37922 0.89291
73 1.00000 61.40762 35.42772 56.63492 0.81611 -0.57790 -0.00000 0.51245 0.72367 0.46228 -0.26715 -0.37727 0.88674
74 1.00000 61.13654 35.06319 57.49041 0.78848 -0.61506 -0.00000 0.54087 0.69338 0.47611 -0.29284 -0.37541 0.87938
75 1.00000 60.84400 34.70542 58.32646 0.75956 -0.65044 -0.00000 0.56632 0.66133 0.49185 -0.31992 -0.37359 0.87068
76 1.00000 60.52990 34.35501 59.14041 0.72949 -0.68400 0.00000 0.58851 0.62765 0.50963 -0.34858 -0.37177 0.86039
77 1.00000 60.19410 34.01253 59.92962 0.69843 -0.71568 0.00000 0.60709 0.59245 0.52957 -0.37900 -0.36986 0.84827
78 1.00000 59.83648 33.67855 60.69141 0.66654 -0.74547 0.00000 0.62170 0.55588 0.55181 -0.41136 -0.36780 0.83397
79 1.00000 59.45694 33.35365 61.42314 0.63398 -0.77335 0.00000 0.63191 0.51803 0.57648 -0.44582 -0.36548 0.81711
80 1.00000 59.05534 33.03841 62.12215 0.60090 -0.79933 -0.00000 0.63724 0.47905 0.60369 -0.48255 -0.36276 0.79722
81 1.00000 58.63158 32.73340 62.78578 0.56744 -0.82342 0.00000 0.63710 0.43904 0.63351 -0.52165 -0.35948 0.77373
82 1.00000 58.18552 32.43921 63.41138 0.53374 -0.84565 -0.00000 0.63085 0.39817 0.66595 -0.56316 -0.35545 0.74600
83 1.00000 57.71704 32.15640 63.99629 0.49994 -0.86606 0.00000 0.61773 0.35659 0.70090 -0.60702 -0.35041 0.71326
84 1.00000 57.22604 31.88555 64.53785 0.46615 -0.88470 -0.00000 0.59691 0.31451 0.73810 -0.65300 -0.34407 0.67470
85 1.00000 56.71238 31.62725 65.03341 0.43249 -0.90164 0.00000 0.56752 0.27222 0.77706 -0.70062 -0.33607 0.62943
86 1.00000 56.17595 31.38207 65.48031 0.39906 -0.91693 0.00000 0.52872 0.23010 0.81701 -0.74914 -0.32604 0.57662
87 1.00000 55.61662 31.15057 65.87590 0.36594 -0.93064 0.00000 0.47980 0.18866 0.85686 -0.79742 -0.31356 0.51556
88 1.00000 55.03429 30.93335 66.21752 0.33323 -0.94285 0.00000 0.42037 0.14857 0.89511 -0.84395 -0.29827 0.44585
89 1.00000 54.42882 30.73098 66.50251 0.30098 -0.95363 -0.00000 0.35057 0.11065 0.92998 -0.88685 -0.27990 0.36762
90 1.00000 53.80009 30.54403 66.72822 0.26926 -0.96307 0.00000 0.27124 0.07584 0.95952 -0.92408 -0.25836 0.28164
91 1.00000 53.14799 30.37308 66.89199 0.23813 -0.97123 0.00000 0.18405 0.04513 0.98188 -0.95364 -0.23381 0.18950
92 1.00000 52.47240 30.21870 66.99116 0.20762 -0.97821 0.00000 0.09146 0.01941 0.99562 -0.97392 -0.20671 0.09350
93 1.00000 51.77320 30.08148 67.02308 0.17777 -0.98407 -0.00000 -0.00353 -0.00064 0.99999 -0.98407 -0.17777 -0.00359
94 1.00000 51.05026 29.96199 66.98509 0.14861 -0.98890 -0.00000 -0.09777 -0.01469 0.99510 -0.98405 -0.14788 -0.09887
95 1.00000 50.30347 29.86081 66.87453 0.12016 -0.99275 0.00000 -0.18839 -0.02280 0.98183 -0.97472 -0.11798 -0.18977
96 1.00000 49.53270 29.77851 66.68876 0.09243 -0.99572 0.00000 -0.27315 -0.02536 0.96164 -0.95752 -0.08888 -0.27433
97 1.00000 48.73784 29.71567 66.42511 0.06544 -0.99786 -0.00000 -0.35059 -0.02299 0.93625 -0.93424 -0.06126 -0.35135
98 1.00000 47.91876 29.67287 66.08092 0.03918 -0.99923 -0.00000 -0.42000 -0.01647 0.90738 -0.90668 -0.03555 -0.42032
99 1.00000 47.07535 29.65068 65.65355 0.01366 -0.99991 -0.00000 -0.48126 -0.00658 0.87655 -0.87647 -0.01198 -0.48131
